Energy_Total        = -2.2661791934436106
Energy_Band         = -0.03807405863827518
Energy_CoulombInter = -2.2281051348053356
NCond   = 15.999999999999996
Sz      = -4.562322741819003e-16
